0	6.9332
1	7.56717
2	7.95354
3	6.82913
4	12.5338
5	12.4575
6	11.9466
7	6.63871
8	12.4016
9	12.7511
10	13.3665
11	10.6067
12	10.9321
13	8.72974
14	10.9152
15	10.2876
16	10.3679
17	9.13534
18	8.31106
19	8.07472
20	8.5658
21	8.69601
22	8.56023
23	8.18736
24	7.96385
25	10.448
26	8.4227
27	9.0933
28	9.74813
29	6.30153
30	9.59378
31	11.8166
32	7.33225
33	8.11024
34	10.3246
35	12.2306
36	7.71043
37	7.58235
38	8.28631
39	7.79003
40	9.95054
41	7.48474
42	12.5733
43	7.73589
44	7.69581
45	8.29932
46	7.37157
47	7.6345
48	7.34255
49	10.7838
50	10.6931
51	11.8509
52	9.89379
53	9.8588
54	9.91998
55	10.1695
56	9.80647
57	8.35089
58	9.47077
59	6.48706
60	8.28554
61	7.13137
62	7.27872
63	6.78951
64	8.13585
65	9.03097
66	9.08845
67	7.92959
68	11.49
69	7.22258
70	8.2299
71	8.67677
72	6.36406
73	6.40107
74	7.40059
75	6.92936
76	8.54343
77	7.33273
78	6.1633
79	6.63908
80	7.18078
81	6.43329
82	6.08228
83	7.76693
84	6.84914
85	6.58882
86	7.23877
87	7.00711
88	5.45797
89	6.42128
90	6.06827
91	5.92932
92	6.0762
93	6.71076
94	7.16239
95	7.37481
96	7.15818
97	7.02355
98	7.40725
99	6.16977
100	8.29876
101	7.85019
102	7.43856
103	7.15815
104	6.08454
105	7.31864
106	7.52205
107	7.86938
108	9.47891
109	10.0909
110	8.5404
111	7.88429
112	6.80065
113	6.61889
114	6.64795
115	6.03793
116	12.4286
117	9.30428
118	9.88324
119	10.1733
120	6.56518
121	8.91447
122	8.17161
123	6.50513
124	8.79339
125	6.90357
126	7.40375
127	10.0675
128	6.98194
129	8.22909
130	7.04907
131	7.30924
132	7.95406
133	7.14143
134	9.42735
135	6.10194
136	7.47657
137	8.16494
138	8.47269
139	10.7151
140	7.61376
141	7.03989
142	7.11627
143	7.34112
144	6.45795
145	7.03229
146	6.49662
147	6.35685
148	11.2128
149	7.39864
150	8.59633
151	7.19496
152	7.22328
153	6.76739
154	8.58096
155	7.62986
156	9.59098
157	9.39105
158	10.0747
159	10.762
160	9.80439
161	7.38434
162	9.46856
163	7.08507
164	13.2759
165	7.3116
166	7.19059
167	7.5226
168	7.97479
169	7.77575
170	10.2509
171	6.48408
172	7.62927
173	7.30933
174	8.04026
175	7.59436
176	7.25731
177	7.1868
178	6.47451
179	6.35577
180	7.22257
181	11.4014
182	9.77683
183	7.6335
184	7.86971
185	7.40684
186	7.72814
187	9.16482
188	9.45975
189	9.48097
190	6.90408
191	7.17975
192	8.60761
193	7.11384
194	6.91763
195	7.4899
196	6.69175
197	6.58421
198	6.77544
199	7.80586
200	10.4733
201	10.6795
202	9.74797
203	7.36312
204	7.39879
205	6.60594
206	8.85313
207	6.51014
208	6.1269
209	6.78797
210	8.69836
211	9.82545
212	9.70362
213	8.12005
214	14.3816
215	10.4111
216	10.5799
217	11.21
218	7.526
219	7.61356
220	11.2273
221	8.26574
222	6.12158
223	9.29561
224	11.4978
225	8.24513
226	10.9603
227	8.2863
228	10.8127
229	11.002
230	7.5277
231	8.34824
232	9.2576
233	8.84002
234	13.1223
235	7.36838
236	5.88166
237	5.74306
238	8.00685
239	7.47329
240	7.96878
241	6.59451
242	6.73215
243	8.66185
244	5.78538
245	7.64911
246	8.04485
247	6.03231
248	8.97242
249	10.1109
250	9.72643
251	8.38917
252	10.8825
253	10.854
254	8.5798
255	9.13842
256	8.51264
257	8.43426
258	8.48153
259	10.9341
260	11.6114
261	11.3876
262	11.0572
263	9.84024
264	10.0269
265	7.7301
266	8.38728
267	8.96257
268	9.70201
269	13.4078
270	8.67603
271	12.228
272	9.84949
273	9.27942
274	7.99033
275	8.00551
276	10.5408
277	11.2924
278	9.07013
279	8.4693
280	9.75689
281	8.91747
282	8.61612
283	10.0935
284	9.9156
285	9.92926
286	8.58163
287	7.51921
288	8.51504
289	7.71341
290	9.31661
291	8.10302
292	6.56958
293	8.44122
294	8.93218
295	8.8027
296	8.80494
297	11.445
298	9.22616
299	7.72952
300	10.765
301	11.1802
302	8.56558
303	8.87834
304	8.93864
305	7.15233
306	7.83875
307	9.16583
308	9.20991
309	8.31971
310	8.00612
311	8.18918
312	8.78915
313	10.3281
314	8.86786
315	9.25446
316	9.30753
317	9.56093
318	10.1261
319	12.0763
320	7.35581
321	7.03094
322	6.22935
323	7.37001
324	6.88815
325	9.99608
326	7.95315
327	9.39157
328	7.73743
329	7.39866
330	8.30443
331	7.00729
332	7.8622
333	6.67483
334	8.7137
335	8.6584
336	7.85469
337	9.96284
338	8.94861
339	9.86701
340	10.008
341	13.5509
342	12.3165
343	10.0755
344	12.3337
345	10.1624
346	10.6419
347	11.004
348	11.1777
349	8.2206
350	12.3918
351	13.1695
352	10.8781
353	9.89582
354	12.2217
355	13.68
356	9.92472
357	10.1313
358	10.0065
359	8.96204
360	10.951
361	9.31201
362	7.10362
363	6.68973
364	12.384
365	8.94252
366	8.72946
367	8.78293
368	8.38415
369	7.50606
370	6.53331
371	11.6822
372	7.49209
373	12.4757
374	9.74373
375	16.6849
376	14.5538
377	5.73311
378	5.81147
379	7.30659
380	7.33231
381	7.68933
382	8.69551
383	8.86165
384	5.5517
385	5.94924
386	8.06341
387	10.1798
388	8.25822
389	7.98179
390	8.45113
391	7.9892
392	7.31864
393	8.88715
394	9.32447
395	9.42533
396	5.94799
397	8.99206
398	9.01163
399	8.38045
400	8.74297
401	9.79683
402	8.59618
403	10.308
404	10.9525
405	11.9254
406	9.55953
407	9.48533
408	5.24366
409	7.0396
410	10.1277
411	10.2615
412	9.39266
413	7.38474
414	8.99
415	7.31864
416	7.31864
417	7.31864
418	7.31864
419	6.72419
420	5.81179
421	9.86962
422	8.78695
423	9.57813
424	11.1882
425	7.04605
426	7.75456
427	8.42056
428	8.64051
429	6.93171
430	8.28057
431	9.48005
432	5.49071
433	8.12706
434	7.31864
435	7.41247
436	7.90876
437	12.4575
438	10.0828
439	8.35084
440	6.81694
441	10.6884
442	8.97209
443	8.42842
444	6.7604
445	6.46604
446	7.32032
447	6.93906
448	6.20061
449	10.0266
450	7.67529
451	5.70495
452	5.77333
453	5.74982
454	5.71258
455	5.36721
456	12.324
457	7.31864
458	6.6166
459	5.43116
460	6.01485
461	14.1538
462	14.0564
463	11.4435
464	9.48383
465	11.3481
466	9.90689
467	9.92187
468	8.61121
469	8.76741
470	11.2
471	7.66449
472	8.01715
473	6.19926
474	6.04009
475	6.76875
476	6.02104
477	6.33463
478	8.90436
479	8.53677
480	8.66183
481	8.37924
482	10.7918
483	8.41713
484	7.25497
485	7.47092
486	9.11838
487	6.39972
488	6.83633
489	7.18106
490	7.25123
491	8.37621
492	5.99724
493	6.98335
494	6.54794
495	6.40094
496	12.523
497	8.97959
498	9.2918
499	9.38197
500	9.43684
501	6.33335
502	6.33108
503	8.3746
504	8.46079
505	8.05707
506	12.2593
507	12.348
508	9.79672
509	10.4177
510	7.07195
511	6.58346
512	5.93978
513	11.2031
514	5.99941
515	7.08998
516	7.58269
517	8.08609
518	7.37143
519	10.3191
520	8.68363
521	5.68292
522	8.79957
523	8.94546
524	7.40286
525	8.49162
526	7.99346
527	8.37774
528	8.91366
529	7.9088
530	7.54263
531	8.55174
532	9.73101
533	8.85687
534	8.43738
535	7.36269
536	8.24525
537	8.19011
538	11.9386
539	9.27962
540	8.90931
541	8.32045
542	8.26373
543	9.72651
544	9.02402
545	10.3825
546	9.1018
547	7.89006
548	8.6737
549	10.0886
550	11.071
551	5.10425
552	6.87545
553	6.58474
554	9.30502
555	8.71231
556	10.0578
557	9.34095
558	8.73515
559	8.54966
560	11.8957
561	11.9909
562	11.9479
563	6.97985
564	10.3881
565	9.10341
566	9.63104
567	9.00089
568	9.62309
569	9.12656
570	6.59682
571	5.95596
572	9.69182
573	9.12962
574	8.05755
575	8.96436
576	7.65983
577	7.94464
578	8.29597
579	7.46349
580	7.52248
581	8.6675
582	9.94536
583	9.99034
584	8.10167
585	9.38061
586	15.5203
587	15.9719
588	6.56064
589	12.0413
590	11.1716
591	13.6272
592	9.30977
593	8.2729
594	8.0487
595	11.799
596	6.68608
597	7.09528
598	7.48741
599	7.2741
600	10.548
601	8.92834
602	8.80147
603	10.3314
604	10.6048
605	10.1536
606	8.60325
607	10.7782
608	7.16486
609	11.7871
610	10.8988
611	8.13443
612	9.20648
613	6.0331
614	8.31886
615	9.73896
616	8.35593
617	9.45821
618	10.7771
619	7.73378
620	7.01274
621	8.02622
622	7.04992
623	6.66254
624	6.14412
625	6.68317
626	6.47385
627	7.38839
628	9.31425
629	6.39483
630	6.20172
631	7.5364
632	10.9758
633	5.71609
634	6.73591
635	6.25499
636	5.47509
637	6.14521
638	6.21237
639	9.39062
640	6.91458
641	10.7057
642	7.46584
643	6.80513
644	8.02998
645	7.88492
646	6.74972
647	8.89612
648	6.21215
649	6.07914
650	8.66922
651	8.82239
652	8.21837
653	9.22871
654	11.5546
655	6.66339
656	8.18903
657	8.81424
658	11.7153
659	7.80283
660	8.25911
661	9.68403
662	7.31864
663	6.9654
664	6.96894
665	12.5263
666	12.9377
667	8.39695
668	8.02753
669	9.02649
670	7.7055
671	8.31509
672	9.7941
673	8.05991
674	8.21732
675	10.9906
676	11.2829
677	9.02318
678	9.42253
679	10.8695
680	6.61148
681	7.99121
682	7.96638
683	9.99852
684	7.58497
685	8.4253
686	9.05587
687	7.34915
688	8.21008
689	8.35776
690	8.78382
691	9.20238
692	8.50064
693	10.0182
694	11.3881
695	8.39289
696	10.1103
697	12.296
698	8.56386
699	5.21271
700	7.31864
701	7.56174
702	7.63929
703	8.67863
704	10.1272
705	13.1987
706	9.09046
707	9.46955
708	13.4288
709	9.08593
710	8.354
711	7.0432
712	8.06062
713	7.96981
714	8.13234
715	13.1659
716	10.9347
717	10.1132
718	7.03382
719	9.41572
720	8.68435
721	7.34338
722	15.0708
723	6.78488
724	7.88737
725	13.3665
726	6.78912
727	6.69638
728	8.47631
729	8.08758
730	8.37943
731	7.24293
732	7.15949
733	9.24254
734	7.31864
735	7.23417
736	8.13528
737	8.11676
738	7.13676
739	6.46371
740	8.59313
741	7.83306
742	10.7491
743	11.021
744	14.5407
745	8.5525
746	8.59294
747	12.6512
748	8.08304
749	9.61016
750	8.3587
751	9.4574
752	7.95266
753	15.3271
754	8.47107
755	9.31328
756	9.0276
757	12.7511
758	11.6093
759	10.0545
760	10.1962
761	9.49222
762	11.7816
763	8.31279
764	8.23533
765	11.6326
766	9.59873
767	12.1934
768	9.31912
769	7.98072
770	13.161
771	7.23513
772	11.8836
773	10.5671
774	11.1198
775	11.1862
776	10.5958
777	9.50009
778	13.1535
779	12.0067
780	7.30463
781	8.75049
782	10.1269
783	10.3354
784	7.4962
785	9.68317
786	7.82005
787	6.21463
788	10.6793
789	8.8131
790	8.70669
791	8.10086
792	7.65657
793	9.48765
794	9.6815
795	7.28867
796	8.18363
797	8.53767
798	7.31864
799	7.06352
800	13.7419
801	13.1013
802	12.8979
803	12.6223
804	11.1138
805	7.42752
