1	8.61482
2	13.0108
3	9.61798
4	9.89373
5	9.44766
6	9.42876
7	8.59904
8	12.9743
9	12.5192
10	11.799
11	9.93208
12	9.48095
13	14.0526
14	9.63612
15	10.0591
16	10.2718
17	11.3847
18	12.4515
19	9.74639
20	9.52665
21	8.28679
22	8.97159
23	9.08121
24	9.34929
25	8.03249
26	10.6598
27	11.6283
28	10.4392
29	8.15579
30	7.10055
31	10.0851
32	8.31743
33	8.0607
34	8.82715
35	10.2556
36	6.61932
37	6.23596
38	7.20556
39	7.63531
40	7.71478
41	5.64115
42	7.75667
43	8.97919
44	6.34006
45	8.41101
46	8.49513
47	8.91062
48	9.42853
49	9.57618
50	9.40098
51	9.29981
52	7.29442
53	7.44049
54	8.46314
55	8.29202
56	7.89386
57	8.6578
58	8.34603
59	9.46784
60	7.87845
61	9.12777
62	8.05738
63	9.70886
64	8.0143
65	7.73262
66	8.95534
67	8.92994
68	10.2859
69	8.61773
70	7.93538
71	7.59193
72	7.44789
73	6.39061
74	8.36192
75	8.34336
76	8.80071
77	11.9885
78	6.61353
79	7.25007
80	11.5583
81	6.91429
82	7.06745
83	7.2908
84	7.38292
85	6.62436
86	10.5142
87	10.8681
88	8.26208
89	7.38597
90	7.13276
91	7.38047
92	8.43622
93	9.4419
94	8.77473
95	8.07532
96	10.1842
97	8.20291
98	6.64451
99	7.66846
100	6.25129
101	11.9201
102	11.8555
103	10.8374
104	10.6602
105	10.9574
106	11.4043
107	10.9718
108	9.13849
109	9.08342
110	8.95299
111	9.46422
112	10.2647
113	11.2197
114	9.66797
115	10.049
116	8.61682
117	10.7981
118	8.98277
119	8.81841
120	6.88875
121	8.09543
122	8.9729
123	8.82664
124	10.0531
125	8.19028
126	7.73818
127	10.0451
128	8.68239
129	0
130	8.42698
131	6.93877
132	7.94934
133	8.53052
134	7.63591
135	8.30888
136	10.006
137	9.55025
138	7.22943
139	9.58255
140	7.21137
141	8.09115
142	7.94034
143	8.38201
144	7.40591
145	7.73376
146	7.10298
147	7.55275
148	11.3306
149	7.42642
150	7.1758
151	8.48809
152	7.96355
153	9.21833
154	6.30812
155	7.22313
156	9.39961
157	9.79884
158	6.36294
159	9.53204
160	8.97892
161	9.42793
162	8.58608
163	6.40117
164	6.83588
165	9.9551
166	8.9119
167	12.8447
168	11.3479
169	10.6446
170	8.63682
171	9.68088
172	8.79416
173	9.58624
174	11.9441
175	10.1617
176	9.30964
177	9.75278
178	9.9312
179	8.9951
180	12.194
181	10.464
182	8.44298
183	9.52941
184	12.6407
185	11.8619
186	12.5415
187	9.10343
188	8.89204
189	8.53406
190	9.73894
191	10.1116
192	8.57034
193	10.7651
194	10.2086
195	12.0046
196	9.85829
197	9.04418
198	9.44062
199	7.69404
200	9.36349
201	8.30659
202	10.1387
203	7.67011
204	8.26435
205	8.4815
206	7.89611
207	8.19546
208	8.11573
209	8.8509
210	11.0709
211	8.01974
212	8.06092
213	7.34782
214	10.6192
215	11.3436
216	8.20031
217	7.46567
218	8.13111
219	8.2996
220	6.65316
221	8.68533
222	8.3841
223	5.92906
224	9.26535
225	6.917
226	7.38894
227	8.15982
228	9.3271
229	9.03246
230	6.12138
231	6.08465
232	10.4181
233	9.27365
234	8.71936
235	6.92805
236	8.59715
237	7.81471
238	6.70961
239	6.93441
240	7.35635
241	7.03715
242	8.40891
243	12.0858
244	7.33324
245	7.0388
246	8.31519
247	8.96442
248	8.35679
249	8.19811
250	8.18429
251	10.163
252	8.32459
253	8.95858
254	6.24578
255	6.29745
256	8.34343
257	9.96819
258	11.3402
259	8.64886
260	9.55806
261	8.32171
262	9.44373
263	8.53465
264	9.0538
265	8.91249
266	9.03569
267	8.48898
268	8.64444
269	11.8043
270	9.13654
271	11.3678
272	8.75578
273	8.33528
274	9.50226
275	9.14621
276	10.7952
277	9.61989
278	8.41404
279	8.30717
280	9.03707
281	8.25011
282	8.22759
283	9.06899
284	9.55189
285	8.34792
286	7.21994
287	9.35249
288	7.26838
289	8.61293
290	7.83149
291	7.42396
292	8.86925
293	7.35004
294	7.01425
295	7.47123
296	7.89624
297	7.2516
298	7.38487
299	12.3472
300	10.3052
301	10.781
302	6.53844
303	6.52612
304	6.47748
305	8.68508
306	7.34712
307	9.57191
308	8.66017
309	7.57318
310	7.52959
311	7.73842
312	10.1008
313	8.54703
314	6.95971
315	7.59632
316	7.61518
317	8.00199
318	7.22889
319	6.66345
320	9.2197
321	8.64486
322	9.16183
323	8.55077
324	13.4331
325	11.402
326	9.59461
327	8.9007
328	10.8864
329	11.6104
330	13.4883
331	11.0734
332	12.8143
333	12.1953
334	8.8353
335	7.97386
336	8.07503
337	7.82435
338	9.58703
339	10.6555
340	8.24734
341	10.313
342	9.96706
343	9.24707
344	11.4827
345	10.4967
346	11.9457
347	10.8447
348	10.8418
349	7.9414
350	10.5415
351	10.6167
352	11.6126
353	11.1909
354	10.5428
355	11.4119
356	8.43296
357	9.65629
358	10.092
359	9.57583
360	9.07382
361	7.30181
362	7.75043
363	9.05994
364	10.6409
365	11.9104
366	10.724
367	7.92729
368	8.27406
369	10.4991
370	11.2557
371	10.9744
372	9.45296
373	11.173
374	9.48023
375	10.833
376	10.8187
377	9.09151
378	9.03761
379	7.25018
380	7.43307
381	8.88133
382	8.71843
383	7.69346
384	8.79783
385	7.62534
386	7.35513
387	7.06073
388	7.33648
389	7.40326
390	9.56002
391	9.48024
392	10.1276
393	6.71988
394	8.93605
395	8.93765
396	10.9542
397	9.20463
398	9.15079
399	9.14657
400	9.15242
401	8.1621
402	8.62386
403	8.61425
404	8.20186
405	11.234
406	10.2204
407	6.77862
408	7.86464
409	9.42271
410	10.8257
411	11.3778
412	7.72519
413	11.359
414	9.14597
415	10.4027
416	10.5407
417	10.401
418	9.51397
419	9.63407
420	9.5536
421	8.83764
422	9.70749
423	9.79203
424	9.83021
425	9.37857
426	9.01399
427	10.2043
428	9.65285
429	9.17866
430	10.2078
431	9.29662
432	9.76295
433	9.48462
434	8.55751
435	7.65241
436	9.17072
437	10.8909
438	10.1726
439	8.96946
440	7.66955
441	7.48014
442	11.3138
443	7.53454
444	8.4794
445	9.82243
446	10.6459
447	8.73951
448	8.90805
449	9.12105
450	8.08227
451	9.16192
452	9.16041
453	9.1637
454	9.16042
455	10.1925
456	10.1422
457	10.0403
458	9.43775
459	10.2337
460	10.319
461	9.24096
462	9.24098
463	9.42741
464	7.07549
465	8.87213
466	9.55861
467	9.30152
468	8.19293
469	8.78344
470	11.1705
471	7.60981
472	10.2911
473	9.20207
474	9.60308
475	8.5388
476	9.1685
477	9.16999
478	7.89027
479	7.02797
480	7.30504
481	7.6757
482	7.42145
483	8.81662
484	7.77573
485	9.69561
486	6.67964
487	9.40948
488	9.22353
489	10.1866
490	10.5315
491	8.14453
492	8.41847
493	10.5638
494	8.88168
495	12.0164
496	10.8774
497	9.4206
498	9.25602
499	10.4027
500	7.33658
501	7.62886
502	8.3909
503	10.0966
504	7.45552
505	7.81723
506	11.5264
507	10.14
508	10.419
509	11.447
510	10.5075
511	10.0918
512	9.26605
513	8.99911
514	7.79325
515	8.2445
516	8.19761
517	10.8081
518	8.37209
519	13.1174
520	7.50968
521	7.60143
522	7.58128
523	9.56836
524	8.66268
525	9.10767
526	6.97852
527	9.17279
528	9.48153
529	8.79418
530	8.55676
531	7.83282
532	7.63469
533	7.04336
534	7.01293
535	7.05778
536	8.03488
537	8.10877
538	11.5705
539	10.8819
540	8.63433
541	7.20783
542	7.71821
543	7.10255
544	5.782
545	7.12984
546	6.9105
547	8.61056
548	10.1323
549	10.728
550	9.58149
551	8.7242
552	10.0975
553	8.35088
554	6.99414
555	6.92037
556	11.1833
557	12.9149
558	9.19592
559	7.24764
560	11.714
561	9.39521
562	10.4461
563	10.9355
564	9.37775
565	11.8693
566	11.5544
567	12.2731
568	11.926
569	12.6953
570	9.92106
571	9.2854
572	9.62808
573	9.1633
574	7.72208
575	9.74957
576	8.38493
577	9.03003
578	8.46696
579	8.53726
580	6.78873
581	7.27954
582	7.97597
583	10.2384
584	7.76667
585	9.91781
586	11.9407
587	11.4697
588	10.7164
589	12.2906
590	11.1086
591	14.276
592	12.8841
593	14.646
594	10.175
595	11.4282
596	10.1919
597	10.1684
598	7.31484
599	7.87604
600	10.9852
601	10.7722
602	10.0756
603	9.32306
604	11.8821
605	12.3878
606	8.91043
607	8.62554
608	10.3901
609	11.8154
610	10.6893
611	9.15084
612	12.1073
613	7.04106
614	7.84685
615	11.1755
616	8.63595
617	8.086
618	10.6144
619	8.88719
620	9.34273
621	12.3124
622	9.19943
623	10.5998
624	10.703
625	9.08056
626	8.96917
627	10.8468
628	7.55509
629	10.0369
630	10.3884
631	10.1051
632	11.2473
633	7.44716
634	7.04601
635	7.58267
636	7.84399
637	10.7826
638	10.2692
639	10.128
640	8.18962
641	10.6884
642	9.37435
643	8.99003
644	7.05792
645	7.00722
646	7.34573
647	7.19157
648	9.00585
649	6.85124
650	9.18229
651	8.83
652	11.9154
653	8.05037
654	12.5572
655	9.0593
656	8.1764
657	8.98627
658	12.8687
659	7.06621
660	8.5958
661	10.9756
662	10.1378
663	9.4891
664	12.023
665	9.17339
666	8.8965
667	8.64819
668	8.4781
669	9.0946
670	9.96078
671	13.1039
672	9.89947
673	6.9249
674	7.47046
675	8.40753
676	8.73392
677	13.8821
678	13.9483
679	9.64798
680	7.77784
681	7.4751
682	9.79728
683	11.1556
684	9.45247
685	8.44418
686	8.91205
687	6.93447
688	7.04097
689	7.29697
690	7.61449
691	13.2608
692	7.34806
693	9.05467
694	12.2401
695	8.44891
696	8.75101
697	12.1537
698	8.80225
699	10.7394
700	9.67633
701	8.25898
702	8.54838
703	8.87086
704	7.66984
705	9.12573
706	10.4096
707	9.92914
708	9.51016
709	8.87955
710	9.56019
711	7.61929
712	7.40991
713	9.69047
714	9.09009
715	14.0584
716	12.4464
717	14.3262
718	8.35973
719	8.79532
720	9.40198
721	9.55314
722	12.5626
723	6.84319
724	8.93419
725	11.799
726	8.67081
727	9.0831
728	9.39641
729	8.59827
730	9.30911
731	12.0591
732	11.7627
733	6.78052
734	10.5144
735	11.2827
736	9.25107
737	8.57474
738	9.97314
739	7.0618
740	10.1036
741	9.59899
742	10.5901
743	10.2957
744	8.91728
745	7.48494
746	7.59641
747	14.0741
748	8.26176
749	6.97587
750	13.9965
751	8.89076
752	13.987
753	12.8858
754	12.8901
755	14.7105
756	13.8057
757	12.5192
758	10.8651
759	8.98856
760	8.29751
761	9.88864
762	11.1017
763	7.9498
764	6.65462
765	7.19901
766	6.80884
767	10.7941
768	6.62948
769	8.10106
770	10.8763
771	10.9292
772	9.86531
773	6.58856
774	9.4235
775	8.76085
776	10.0316
777	8.91024
778	11.3383
779	10.5839
780	7.83411
781	9.09996
782	10.141
783	12.2691
784	6.84558
785	12.1585
786	6.72061
787	8.00546
788	6.73135
789	6.58747
790	6.74695
791	8.08167
792	6.80668
793	8.63928
794	10.6846
795	11.9117
796	9.20412
797	8.8673
798	9.28839
799	9.39147
800	10.2539
801	10.1249
802	9.87014
803	9.61878
804	9.06808
805	9.96088
